P =

  Columns 1 through 8 

    0.0410    0.0412    0.0418    0.0444    0.0467    0.0524    0.0745    0.0426
    0.0410    0.0418    0.0441    0.0546    0.0638    0.0867    0.1704    0.0474
    0.0411    0.0428    0.0481    0.0717    0.0923    0.1427    0.2670    0.0555

  Columns 9 through 10 

    0.0592    0.1803
    0.1133    0.2695
    0.1987    0.2723

>> Q(:,10)=out.HH.E

Q =

  Columns 1 through 8 

    0.0251    0.0251    0.0252    0.0256    0.0260    0.0270    0.0315    0.0253
    0.0251    0.0252    0.0256    0.0272    0.0286    0.0326    0.0507    0.0260
    0.0251    0.0254    0.0261    0.0297    0.0331    0.0420    0.0818    0.0272

  Columns 9 through 10 

    0.0283    0.0713
    0.0378    0.1595
    0.0535    0.1607