%ALL RESULTS APPEAR IN THE STRUCTURE Q
tic
YES = 1; NO = 0;
CB = YES;     CB_LEVELS = 12;
HH = NO;     HH_LEVELS = 2;
LH = NO;     LH_LEVELS = 2;

VB = YES;    VB_LEVELS = 24;

SPHERICAL_BANDS = NO;
COUPLING_OFF = NO;
STRAIN = NO;
PIEZO = NO;

HKL = [1 1 1];

%%%DEFINE HIGH RESOLUTION COORDINATE SYSTEM ------------------------------
dx0 = 0.5; dy0 = 0.5; dz0 = 0.1;
x0 = -25:dx0:25;
y0 = -25:dy0:25;

r =9;

% QWR xx rec pot
%{
conc = [
0.4	0.240963855	0.071942446	150/dz0;

0.2	0.1	0.028248588	19/dz0;

0.4	0.240963855	0.071942446	150/dz0;

]; %Cladding;

    %}

%{ 

580nm??

0.4	0.228571429	0.071942446  10/dz0;
0.383680556	0.216719784	0.067501527 10/dz0;
0.368055556	0.205625606	0.063427477 10/dz0;
0.353125	0.19524838	0.059687302 10/dz0;
0.338888889	0.185551331	0.056252305 10/dz0;
0.325347222	0.17650106	0.053097445 10/dz0;
0.3125	0.168067227	0.050200803 10/dz0;
0.300347222	0.160222274	0.047543146 10/dz0;
0.288888889	0.152941176	0.045107564 10/dz0;
0.278125	0.146201232	0.042879167 10/dz0;
0.268055556	0.139981868	0.040844832 10/dz0;
0.258680556	0.134264474	0.038992986 10/dz0;
0.25	0.129032258	0.037313433 10/dz0;
0.242013889	0.124270114	0.035797194 10/dz0;
0.234722222	0.119964508	0.034436384 10/dz0;
0.228125	0.11610338	0.033224103 10/dz0;
0.222222222	0.112676056	0.032154341 10/dz0;
0.217013889	0.109673174	0.0312219 10/dz0;
0.2125	0.107086614	0.030422334 10/dz0;
0.208680556	0.104909448	0.029751886 10/dz0;
0.205555556	0.103135889	0.029207452 10/dz0;
0.203125	0.101761252	0.028786537 10/dz0;
0.201388889	0.100781929	0.02848723 10/dz0;
0.200347222	0.100195355	0.028308181 10/dz0;
0.2	0.1	0.028248588 10/dz0;
0.200347222	0.100195355	0.028308181 10/dz0;
0.201388889	0.100781929	0.02848723 10/dz0;
0.203125	0.101761252	0.028786537 10/dz0;
0.205555556	0.103135889	0.029207452 10/dz0;
0.208680556	0.104909448	0.029751886 10/dz0;
0.2125	0.107086614	0.030422334 10/dz0;
0.217013889	0.109673174	0.0312219 10/dz0;
0.222222222	0.112676056	0.032154341 10/dz0;
0.228125	0.11610338	0.033224103 10/dz0;
0.234722222	0.119964508	0.034436384 10/dz0;
0.242013889	0.124270114	0.035797194 10/dz0;
0.25	0.129032258	0.037313433 10/dz0;
0.258680556	0.134264474	0.038992986 10/dz0;
0.268055556	0.139981868	0.040844832 10/dz0;
0.278125	0.146201232	0.042879167 10/dz0;
0.288888889	0.152941176	0.045107564 10/dz0;
0.300347222	0.160222274	0.047543146 10/dz0;
0.3125	0.168067227	0.050200803 10/dz0;
0.325347222	0.17650106	0.053097445 10/dz0;
0.338888889	0.185551331	0.056252305 10/dz0;
0.353125	0.19524838	0.059687302 10/dz0;
0.368055556	0.205625606	0.063427477 10/dz0;
0.383680556	0.216719784	0.067501527 10/dz0;
0.4	0.228571429	0.071942446 10/dz0;

%}

% 60nm PQD

%{
conc = [
    

0.4	0.228571429	0.071942446	70/dz0;
0.4	0.228571429	0.071942446	0.4/dz0;
0.395	0.224911032	0.070560915	0.4/dz0;
0.39	0.221276596	0.069198013	0.4/dz0;
0.385	0.217667845	0.067853366	0.4/dz0;
0.38	0.214084507	0.066526611	0.4/dz0;
0.375	0.210526316	0.065217391	0.4/dz0;
0.37	0.206993007	0.063925363	0.4/dz0;
0.365	0.203484321	0.062650189	0.4/dz0;
0.36	0.2	0.061391542	0.4/dz0;
0.355	0.196539792	0.060149102	0.4/dz0;
0.35	0.193103448	0.058922559	0.4/dz0;
0.345	0.189690722	0.057711609	0.4/dz0;
0.34	0.18630137	0.056515957	0.4/dz0;
0.335	0.182935154	0.055335315	0.5/dz0;
0.33	0.179591837	0.054169402	0.5/dz0;
0.325	0.176271186	0.053017945	0.5/dz0;
0.32	0.172972973	0.051880674	0.5/dz0;
0.315	0.16969697	0.050757332	0.5/dz0;
0.31	0.166442953	0.049647662	0.5/dz0;
0.305	0.163210702	0.048551417	0.5/dz0;
0.3	0.16	0.047468354	0.5/dz0;
0.295	0.156810631	0.046398238	0.5/dz0;
0.29	0.153642384	0.045340838	0.5/dz0;
0.285	0.15049505	0.044295928	0.6/dz0;
0.28	0.147368421	0.043263288	0.6/dz0;
0.275	0.144262295	0.042242704	0.6/dz0;
0.27	0.141176471	0.041233965	0.6/dz0;
0.265	0.138110749	0.040236866	0.7/dz0;
0.26	0.135064935	0.039251208	0.7/dz0;
0.255	0.132038835	0.038276794	0.7/dz0;
0.25	0.129032258	0.037313433	0.7/dz0;
0.245	0.126045016	0.036360938	0.8/dz0;
0.24	0.123076923	0.035419126	0.8/dz0;
0.235	0.120127796	0.034487819	0.9/dz0;
0.23	0.117197452	0.033566842	1/dz0;
0.225	0.114285714	0.032656023	1.1/dz0;
0.22	0.111392405	0.031755196	1.2/dz0;
0.215	0.10851735	0.030864198	1.5/dz0;
0.21	0.105660377	0.029982867	2/dz0;
0.205	0.102821317	0.029111048	3/dz0;
0.2	0.1	0.028248588	1/dz0;
0.205	0.102821317	0.029111048	3/dz0;
0.21	0.105660377	0.029982867	2/dz0;
0.215	0.10851735	0.030864198	1.5/dz0;
0.22	0.111392405	0.031755196	1.2/dz0;
0.225	0.114285714	0.032656023	1.1/dz0;
0.23	0.117197452	0.033566842	1/dz0;
0.235	0.120127796	0.034487819	0.9/dz0;
0.24	0.123076923	0.035419126	0.9/dz0;
0.245	0.126045016	0.036360938	0.8/dz0;
0.25	0.129032258	0.037313433	0.8/dz0;
0.255	0.132038835	0.038276794	0.7/dz0;
0.26	0.135064935	0.039251208	0.7/dz0;
0.265	0.138110749	0.040236866	0.7/dz0;
0.27	0.141176471	0.041233965	0.6/dz0;
0.275	0.144262295	0.042242704	0.6/dz0;
0.28	0.147368421	0.043263288	0.6/dz0;
0.285	0.15049505	0.044295928	0.6/dz0;
0.29	0.153642384	0.045340838	0.6/dz0;
0.295	0.156810631	0.046398238	0.5/dz0;
0.3	0.16	0.047468354	0.5/dz0;
0.305	0.163210702	0.048551417	0.5/dz0;
0.31	0.166442953	0.049647662	0.5/dz0;
0.315	0.16969697	0.050757332	0.5/dz0;
0.32	0.172972973	0.051880674	0.5/dz0;
0.325	0.176271186	0.053017945	0.5/dz0;
0.33	0.179591837	0.054169402	0.5/dz0;
0.335	0.182935154	0.055335315	0.5/dz0;
0.34	0.18630137	0.056515957	0.5/dz0;
0.345	0.189690722	0.057711609	0.5/dz0;
0.35	0.193103448	0.058922559	0.4/dz0;
0.355	0.196539792	0.060149102	0.4/dz0;
0.36	0.2	0.061391542	0.4/dz0;
0.365	0.203484321	0.062650189	0.4/dz0;
0.37	0.206993007	0.063925363	0.4/dz0;
0.375	0.210526316	0.065217391	0.4/dz0;
0.38	0.214084507	0.066526611	0.4/dz0;
0.385	0.217667845	0.067853366	0.4/dz0;
0.39	0.221276596	0.069198013	0.4/dz0;
0.395	0.224911032	0.070560915	0.4/dz0;
0.4	0.228571429	0.071942446	0.4/dz0;
0.4	0.228571429	0.071942446	70/dz0;


]; %Cladding;
%}

% 30nm PQD
%{
